Ship 911 7401 465 3
Plane 329 6771 5 4959
Plane 596 4835 138 2940
Plane 898 2883 96 1031
Train 171 3294 1572
Train 786 9472 571
Ship 209 6602 5 3
Train 426 1860 161
Ship 489 6617 998 3
Plane 18 365 39 8520
Train 331 6770 13
Ship 706 1437 824 3
Train 427 8342 97
Ship 181 812 1389 1
Train 316 5206 393
Plane 159 407 136 9539
Plane 576 7062 70 8171
Plane 65 7381 21 7325
Plane 372 6339 42 2100
Ship 66 2858 255 3
Plane 713 7059 142 6214
Ship 374 2442 1586 1
Ship 624 8980 607 2
Ship 918 4269 1930 1
Plane 403 8229 32 5832
Train 200 1526 789
Plane 490 3915 172 1948
Train 861 9905 708
Ship 615 5274 377 1
Train 577 1454 438
Train 576 8973 1279
Plane 53 7403 9 5841
Train 53 5531 881
Train 762 5560 748
Plane 915 5352 36 3044
Ship 406 93 520 3
Ship 87 1393 1846 2
Ship 450 6014 913 3
Ship 750 1085 1894 3
Plane 444 8313 78 9057
Train 780 1529 976
Train 219 3000 1403
Plane 524 2644 80 7807
Train 787 7517 705
Train 171 7832 1079
Plane 151 4643 10 1424
Plane 949 3435 119 3437
Plane 772 7923 5 3577
Plane 50 6244 157 8531
Train 221 3459 916
Plane 832 9981 46 2092
Train 724 9240 1123
Plane 130 9337 64 6939
Ship 752 4451 914 1
Ship 57 3957 1401 3
Plane 889 7036 97 4372
Ship 533 67 762 3
Train 689 8852 1821
Ship 310 1140 99 3
Train 284 1415 1995
